0
	0 2.5 -7.75
	0.3 0.3 0.3
1.5
	0.9 -1.925 -6.69 0.825
	0.7 0.7 0.7
3.3
	-0.4 -2.75 -9.55
	-0.93 0.55 -8.51
	0.11 -2.75 -7.98
	0 1 1
3.3
	0.11 -2.75 -7.98
	-0.93 0.55 -8.51
	-1.46 -2.75 -7.47
	0 1 1
3.3
	-1.46 -2.75 -7.47
	-0.93 0.55 -8.51
	-1.97 -2.75 -9.04
	0 1 1
3.3
	-1.97 -2.75 -9.04
	-0.93 0.55 -8.51
	-0.4 -2.75 -9.55
	0 1 1
3
	2.75 -2.75 -5
	2.75 -2.75 -10.5
	-2.75 -2.75 -10.5
	1 1 1
3
	-2.75 -2.75 -5
	2.75 -2.75 -5
	-2.75 -2.75 -10.5
	1 1 1
3
	2.75 2.75 -10.5
	2.75 2.75 -5
	-2.75 2.75 -5
	1 1 1
3
	-2.75 2.75 -10.5
	2.75 2.75 -10.5
	-2.75 2.75 -5
	1 1 1
3
	2.75 2.75 -5
	2.75 2.75 -10.5
	2.75 -2.75 -10.5
	0 1 0
3
	2.75 -2.75 -5
	2.75 2.75 -5
	2.75 -2.75 -10.5
	0 1 0
3
	-2.75 -2.75 -5
	-2.75 -2.75 -10.5
	-2.75 2.75 -10.5
	1 0 0
3
	-2.75 2.75 -5
	-2.75 -2.75 -5
	-2.75 2.75 -10.5
	1 0 0
5
	0 0 1
	0 0 -10.5
	0 0 0