0
	4 6 -1
	0.3 0.3 0.3
5
	0 1 0
	0 -1 0
	1 1 1
5
	0 0 1
	0 0 -12
	0 1 1
1
	1 -0.5 -3.5 0.5
	1 1 0
1.5
	0 1 -5 0.4
	0.7 0.7 0.7
1.3
	-0.8 -0.75 -4 0.25
	1 0 1
3
	0 -1 -5.8
	0 0.6 -5
	0.4 -1 -5.693
	0 1 0
3
	0.4 -1 -5.693
	0 0.6 -5
	0.6928 -1 -5.4
	0 1 0
3
	0.6928 -1 -5.4
	0 0.6 -5
	0.8 -1 -5
	0 1 0
3
	0.8 -1 -5
	0 0.6 -5
	0.6928 -1 -4.6
	0 1 0
3
	0.6928 -1 -4.6
	0 0.6 -5
	0.4 -1 -4.307
	0 1 0
3
	0.4 -1 -4.307
	0 0.6 -5
	0 -1 -4.2
	0 1 0
3
	0 -1 -4.2
	0 0.6 -5
	-0.4 -1 -4.307
	0 1 0
3
	-0.4 -1 -4.307
	0 0.6 -5
	-0.6928 -1 -4.6
	0 1 0
3
	-0.6928 -1 -4.6
	0 0.6 -5
	-0.8 -1 -5
	0 1 0
3
	-0.8 -1 -5
	0 0.6 -5
	-0.6928 -1 -5.4
	0 1 0
3
	-0.6928 -1 -5.4
	0 0.6 -5
	-0.4 -1 -5.693 
	0 1 0
3
	-0.4 -1 -5.693
	0 0.6 -5
	0 -1 -5.8
	0 1 0
3
	-2 -1 -7
	-1.276 -0.4472 -6.474
	-2.276 -0.4472 -6.149
	1 0 0
3.2
	-1.276 -0.4472 -6.474
	-2 -1 -7
	-1.276 -0.4472 -7.526
	1 0 0
3.2
	-2 -1 -7
	-2.276 -0.4472 -6.149
	-2.894 -0.4472 -7
	1 0 0
3.2
	-2 -1 -7
	-2.894 -0.4472 -7
	-2.276 -0.4472 -7.851
	1 0 0
3.2
	-2 -1 -7
	-2.276 -0.4472 -7.851
	-1.276 -0.4472 -7.526
	1 0 0
3.2
	-1.276 -0.4472 -6.474
	-1.276 -0.4472 -7.526
	-1.106 0.4472 -7
	1 0 0
3.2
	-2.276 -0.4472 -6.149
	-1.276 -0.4472 -6.474
	-1.724 0.4472 -6.149
	1 0 0
3.2
	-2.894 -0.4472 -7
	-2.276 -0.4472 -6.149
	-2.724 0.4472 -6.474
	1 0 0
3.2
	-2.276 -0.4472 -7.851
	-2.894 -0.4472 -7
	-2.724 0.4472 -7.526
	1 0 0
3.2
	-1.276 -0.4472 -7.526
	-2.276 -0.4472 -7.851
	-1.724 0.4472 -7.851
	1 0 0
3.2
	-1.276 -0.4472 -6.474
	-1.106 0.4472 -7
	-1.724 0.4472 -6.149
	1 0 0
3.2
	-2.276 -0.4472 -6.149
	-1.724 0.4472 -6.149
	-2.724 0.4472 -6.474
	1 0 0
3.2
	-2.894 -0.4472 -7
	-2.724 0.4472 -6.474
	-2.724 0.4472 -7.526
	1 0 0
3.2
	-2.276 -0.4472 -7.851
	-2.724 0.4472 -7.526
	-1.724 0.4472 -7.851
	1 0 0
3.2
	-1.276 -0.4472 -7.526
	-1.724 0.4472 -7.851
	-1.106 0.4472 -7
	1 0 0
3.2
	-1.724 0.4472 -6.149
	-1.106 0.4472 -7
	-2 1 -7
	1 0 0
3.2
	-2.724 0.4472 -6.474
	-1.724 0.4472 -6.149
	-2 1 -7
	1 0 0
3.2
	-2.724 0.4472 -7.526
	-2.724 0.4472 -6.474
	-2 1 -7
	1 0 0
3.2
	-1.724 0.4472 -7.851
	-2.724 0.4472 -7.526
	-2 1 -7
	1 0 0
3.2
	-1.106 0.4472 -7
	-1.724 0.4472 -7.851
	-2 1 -7
	1 0 0