0
	2 6 2
	0.5 0.3 0.2
// baymax head
1.08
	0 0 -5 0.4
	2 2 2
//baymax left eye
1.5
	0.1 0 -4.65 0.06
	0 0 0
//baymax right eye
1.5
	-0.1 0 -4.65 0.06
	0 0 0
//baymax eyeline
3
	-0.1 0 -4.6
	-0.1 -0.01 -4.6
	0.1 0 -4.6
	0 0 0
//baymax eyeline
3
	-0.1 -0.01 -4.6
	0.1 -0.01 -4.6
	0.1 0 -4.6
	0 0 0
//baymax body
1.08
	0 -0.6 -5 0.6
	2 2 2
//baymax left hand
1.08
	-0.5 -0.4 -4.8 0.2
	2 2 2
//baymax right hand
1.08
	0.5 -0.4 -4.8 0.2
	2 2 2
//floor
5.2
	0 1 0
	0 -1 0
	4 2.1 0
//back mirror
6
	0 0 1
	0 0 -12
	1 1 1
//baymax left foot
1.08
	-0.3 -1 -4.6 0.2
	2 2 2
//baymax right foot
1.08
	0.3 -1 -4.6 0.2
	2 2 2
//baymax left foot
1.08
	-0.3 -1 -4.55 0.18
	2 2 2
//baymax right foot
1.08
	0.3 -1 -4.55 0.18
	2 2 2

//SUN
1
	2 -0.65 15 6
	10 10 0
1.3
	6 4 15 1.5
	0.4 0.4 0.4 
5
	0 0 1
	0 0 14
	0 0 0

//KIRBY
1
	2 -0.65 -5 0.4
	3 1.65 2
1
	2 -0.65 -5 0.2
	1 0.65 0.7
1
	1.866 -0.92 -4.68 0.12
	1 0 0
1
	1.62 -0.88 -4.95 0.12
	1 0 0
1
	2.2 -0.87 -4.75 0.13
	3 1.65 2
//3.2
//	1.7 -0.6 -4.78
//	1.71 -0.7 -4.65
//	1.9 -0.6 -4.65
//	1 0 0
1
	1.62 -0.88 -4.95 0.12
	0 0 1
1.7
	1.76 -0.5 -4.8 0.09
	0 0 7
1.7
	1.88 -0.53 -4.7 0.09
	0 0 7
1
	1.734 -0.464 -4.771 0.05
	1.5 1.5 1.5
1
	1.86 -0.5 -4.666 0.05
	1.5 1.5 1.5
1.4
	1.75 -0.6 -4.7 0.02
	1 0 0